  0        0 4.3
  1   100000 2.3
  2   200000 2.7
  3   300000 9.3
  4   400000 10.7
  5   500000 8.0
  6   600000 10.3
  7   700000 12.0
  8   800000 18.3
  9   900000 19.7
 10  1000000 22.7
 11  1100000 41.3
 12  1200000 26.7
 13  1300000 30.3
 14  1400000 39.7
 15  1500000 33.0
 16  1600000 31.0
 17  1700000 45.7
 18  1800000 45.7
 19  1900000 66.7
 20  2000000 46.3
 21  2100000 54.0
 22  2200000 47.3
 23  2300000 68.3
 24  2400000 39.0
 25  2500000 57.0
 26  2600000 61.0
 27  2700000 64.0
 28  2800000 79.0
 29  2900000 90.3
 30  3000000 49.0
 31  3100000 77.0
 32  3200000 74.3
 33  3300000 65.0
 34  3400000 77.0
 35  3500000 62.0
 36  3600000 92.0
 37  3700000 64.0
 38  3800000 173.7
 39  3900000 166.0
 40  4000000 55.3
 41  4100000 164.7
 42  4200000 126.3
 43  4300000 99.7
 44  4400000 62.7
 45  4500000 121.0
 46  4600000 82.7
 47  4700000 193.0
 48  4800000 144.7
 49  4900000 136.7
 50  5000000 46.0
 51  5100000 103.0
 52  5200000 85.0
 53  5300000 57.0
 54  5400000 150.0
 55  5500000 93.7
